9916
5462
6049
8614
3232
7503
29200
19419
25887
10957
9660
6999
5365
27356
17081
14599
14159
7690
17424
32520
5659
19469
40242
23767
11611
8608
50935
42767
23604
8825
16865
22941
12017
9910
18593
4079
18219
21769
12475
16410
717
4347
20582
21098
33810
19831
25909
4781
5476
17526
20862
4191
12703
20302
20396
2026
7050
29483
14146
10911
16692
7495
7260
10775
8032
39043
37141
30263
12625
10236
13853
13132
14851
15093
22616
5601
1930
6632
1046
23411
7417
37499
15054
7291
11865
23660
38627
2828
1371
16614
5413
28296
15122
1968
20332
29232
8189
8539
11957
15847
