508504
506250
310259
307080
7266
104380
403145
203685
7857
6158
107054
207582
8833
102836
101488
3925
7925
307338
609467
108865
109175
142626
9270
203883
3706
204430
203461
103551
32851
104912
4219
509355
6576
9037
9163
4651
248620
4840
1113
7784
307465
6248
208191
7592
106012
308365
72169
1967
203365
302497
3669
107104
8944
306866
7941
203554
30238
602082
709761
8040
4383
3553
4950
400861
7071
207987
354661
3221
204319
106893
202528
29344
208631
5598
5191
8195
306818
45940
8936
8429
105789
5790
103974
109371
5899
6953
408112
1221
34260
304107
108651
9678
5986
1916
204592
1378
206908
67342
9338
5956
4451
103426
3414
2505
64464
10559
4094
2971
206722
