28462
4373
45025
4349
26485
46916
23992
44747
24561
5248
24712
25446
9824
24449
23781
27007
25095
105632
29861
1997
22943
24424
122277
43714
22601
46768
29896
47754
50787
23453
4508
24546
29179
4482
42100
43003
6318
6617
82850
5510
5357
9427
25886
3108
9680
1543
8856
6403
69954
45925
27979
5652
9386
4327
28201
25684
2538
82705
6745
8778
46370
28889
87173
48283
6652
1939
10535
29681
23168
25918
46966
9458
4149
49411
108972
15544
8425
4126
47236
84949
21690
24482
67797
7629
26079
29374
29439
31699
2288
3687
29758
5075
28974
25441
21820
169874
44977
29118
29395
47344
