439190
148635
189821
1158954
256118
366206
31552
254406
234679
2005531
9794
492809
7559
159818
208098
534878
550126
77010
1968758
5398
654564
559450
1784
349327
8986
766090
1003005
902080
130290
1006221
557134
92392
2006819
35265
940825
1223929
9308
720633
3780
268330
211255
210357
279954
14454
2810
7126
351686
702026
606804
381071
1009196
1048
722905
711112
224378
7253
2008324
510109
8504
818694
7747
2522385
2933
431576
947859
680460
1502028
5827
8500
678566
941
6593
14509
9176
183230
55152
159677
8329
441271
1450070
7637
5533
194507
810932
131982
1813
6332
80302
1005784
865766
201997
8883
9219
7504
5764
8074
6076
9494
62028
6138
