1200057
301133
1165548
166478
186169
3259243
1435515
1200783
1455270
267200
1823963
1213033
77344
712910
1104062
1347314
144739
281549
1556569
342183
119923
532608
1557419
892905
67473
452203
13048
96786
1603675
1075185
965752
490117
499054
1015274
30528
477731
1056614
33562
113036
1612180
54071
615153
291972
116467
260881
539828
1091415
576558
517745
118904
119411
632846
289688
68761
865261
498291
592992
1335673
1200962
189182
1424191
1728184
96608
64742
1097766
110233
37627
646529
52734
2872481
10830
980830
755140
200975
190071
1007400
136526
17977
621387
283013
390792
1170655
579096
844368
2848957
952225
3075643
286995
654323
751396
682178
442595
613144
201039
16032
1167192
719163
993720
527053
604718
