10000	260
20000	0
30000	260
40000	0
50000	260
60000	0
70000	260
80000	0
90000	260
100000	0
110000	260
120000	0
130000	260
140000	0
150000	260
160000	0
170000	260
180000	0
190000	260
200000	0
210000	260
220000	0
230000	260
240000	0
250000	260
260000	0
270000	260
280000	0
290000	260
300000	0
310000	260
320000	0
330000	260
340000	0
350000	260
360000	0
370000	260
380000	0
390000	260
400000	0
410000	260
420000	0
430000	260
440000	0
450000	260
460000	0
470000	260
480000	0
490000	260
500000	0
510000	260
520000	0
530000	260
540000	0
550000	260
560000	0
570000	260
580000	0
590000	260
600000	0
610000	260
620000	0
630000	260
640000	0
650000	260
660000	0
670000	260
680000	0
690000	260
700000	0
710000	260
720000	0
730000	260
740000	0
750000	260
760000	0
770000	260
780000	0
790000	260
800000	0
810000	260
820000	0
830000	260
840000	0
850000	260
860000	0
870000	260
880000	0
890000	260
900000	0
910000	260
920000	0
930000	260
940000	0
950000	260
960000	0
970000	260
980000	0
990000	260
1000000	0
1010000	260
1020000	0
1030000	260
1040000	0
1050000	260
1060000	0
1070000	260
1080000	0
1090000	260
1100000	0
1110000	260
1120000	0
1130000	260
1140000	0
1150000	260
1160000	0
1170000	260
1180000	0
1190000	260
1200000	0
1210000	260
1220000	0
1230000	260
1240000	0
1250000	260
1260000	0
1270000	260
1280000	0
1290000	260
1300000	0
1310000	260
1320000	0
1330000	260
1340000	0
1350000	260
1360000	0
1370000	260
1380000	0
1390000	260
1400000	0
1410000	260
1420000	0
1430000	260
1440000	0
1450000	260
1460000	0
1470000	260
1480000	0
1490000	260
1500000	0
1510000	260
1520000	0
1530000	260
1540000	0
1550000	260
1560000	0
1570000	260
1580000	0
1590000	260
1600000	0
1610000	260
1620000	0
1630000	260
1640000	0
1650000	260
1660000	0
1670000	260
1680000	0
1690000	260
1700000	0
1710000	260
1720000	0
1730000	260
1740000	0
1750000	260
1760000	0
1770000	260
1780000	0
1790000	260
1800000	0
1810000	260
1820000	0
1830000	260
1840000	0
1850000	260
1860000	0
1870000	260
1880000	0
1890000	260
1900000	0
1910000	260
1920000	0
1930000	260
1940000	0
1950000	260
1960000	0
1970000	260
1980000	0
1990000	260
2000000	0
2010000	260
2020000	0
2030000	260
2040000	0
2050000	260
2060000	0
2070000	260
2080000	0
2090000	260
2100000	0
2110000	260
2120000	0
2130000	260
2140000	0
2150000	260
2160000	0
2170000	260
2180000	0
2190000	260
2200000	0
2210000	260
2220000	0
2230000	260
2240000	0
2250000	260
2260000	0
2270000	260
2280000	0
2290000	260
2300000	0
2310000	260
2320000	0
2330000	260
2340000	0
2350000	260
2360000	0
2370000	260
2380000	0
2390000	260
2400000	0
2410000	260
2420000	0
2430000	260
2440000	0
2450000	260
2460000	0
2470000	260
2480000	0
2490000	260
2500000	0
2510000	260
2520000	0
2530000	260
2540000	0
2550000	260
2560000	0
2570000	260
2580000	0
2590000	260
2600000	0
2610000	260
2620000	0
2630000	260
2640000	0
2650000	260
2660000	0
2670000	260
2680000	0
2690000	260
2700000	0
2710000	260
2720000	0
2730000	260
2740000	0
2750000	260
2760000	0
2770000	260
2780000	0
2790000	260
2800000	0
2810000	260
2820000	0
2830000	260
2840000	0
2850000	260
2860000	0
2870000	260
2880000	0
2890000	260
2900000	0
2910000	260
2920000	0
2930000	260
2940000	0
2950000	260
2960000	0
2970000	260
2980000	0
2990000	260
3000000	0
3010000	260
3020000	0
3030000	260
3040000	0
3050000	260
3060000	0
3070000	260
3080000	0
3090000	260
3100000	0
3110000	260
3120000	0
3130000	260
3140000	0
3150000	260
3160000	0
3170000	260
3180000	0
3190000	260
3200000	0
3210000	260
3220000	0
3230000	260
3240000	0
3250000	260
3260000	0
3270000	260
3280000	0
3290000	260
3300000	0
3310000	260
3320000	0
3330000	260
3340000	0
3350000	260
3360000	0
3370000	260
3380000	0
3390000	260
3400000	0
3410000	260
3420000	0
3430000	260
3440000	0
3450000	260
3460000	0
3470000	260
3480000	0
3490000	260
3500000	0
3510000	260
3520000	0
3530000	260
3540000	0
3550000	260
3560000	0
3570000	260
3580000	0
3590000	260
3600000	0
3610000	260
3620000	0
3630000	260
3640000	0
3650000	260
3660000	0
3670000	260
3680000	0
3690000	260
3700000	0
3710000	260
3720000	0
3730000	260
3740000	0
3750000	260
3760000	0
3770000	260
3780000	0
3790000	260
3800000	0
3810000	260
3820000	0
3830000	260
3840000	0
3850000	260
3860000	0
3870000	260
3880000	0
3890000	260
3900000	0
3910000	260
3920000	0
3930000	260
3940000	0
3950000	260
3960000	0
3970000	260
3980000	0
3990000	260
4000000	0
4010000	260
4020000	0
4030000	260
4040000	0
4050000	260
4060000	0
4070000	260
4080000	0
4090000	260
4100000	0
4110000	260
4120000	0
4130000	260
4140000	0
4150000	260
4160000	0
4170000	260
4180000	0
4190000	260
4200000	0
4210000	260
4220000	0
4230000	260
4240000	0
4250000	260
4260000	0
4270000	260
4280000	0
4290000	260
4300000	0
4310000	260
4320000	0
4330000	260
4340000	0
4350000	260
4360000	0
4370000	260
4380000	0
4390000	260
4400000	0
4410000	260
4420000	0
4430000	260
4440000	0
4450000	260
4460000	0
4470000	260
4480000	0
4490000	260
4500000	0
4510000	260
4520000	0
4530000	260
4540000	0
4550000	260
4560000	0
4570000	260
4580000	0
4590000	260
4600000	0
4610000	260
4620000	0
4630000	260
4640000	0
4650000	260
4660000	0
4670000	260
4680000	0
4690000	260
4700000	0
4710000	260
4720000	0
4730000	260
4740000	0
4750000	260
4760000	0
4770000	260
4780000	0
4790000	260
4800000	0
4810000	260
4820000	0
4830000	260
4840000	0
4850000	260
4860000	0
4870000	260
4880000	0
4890000	260
4900000	0
4910000	260
4920000	0
4930000	260
4940000	0
4950000	260
4960000	0
4970000	260
4980000	0
4990000	260
5000000	0
5010000	260